#       k       Tk (normalised)     
  1.05124E-5   1.0                 
  1.06181E-5   1.0                 
  1.07248E-5   1.0                 
  1.08326E-5   1.0                 
  1.09414E-5   1.0                 
  1.10514E-5   1.0                 
  1.11625E-5   1.0                 
  1.12746E-5   1.0                 
  1.13879E-5   1.0                 
  1.15024E-5   1.0                 
  1.1618E-5    1.0                 
  1.17348E-5   1.0                 
  1.18527E-5   1.0                 
  1.19718E-5   1.0                 
  1.20921E-5   1.0                 
  1.22137E-5   1.0                 
  1.23364E-5   1.0                 
  1.24604E-5   1.0                 
  1.25856E-5   1.0                 
  1.27121E-5   1.0                 
  1.28399E-5   1.0                 
  1.29689E-5   1.0                 
  1.30993E-5   1.0                 
  1.32309E-5   1.0                 
  1.33639E-5   1.0                 
  1.34982E-5   1.0                 
  1.36338E-5   1.0                 
  1.37709E-5   1.0                 
  1.39093E-5   1.0                 
  1.40491E-5   1.0                 
  1.41903E-5   1.0                 
  1.43329E-5   1.0                 
  1.44769E-5   1.0                 
  1.46224E-5   1.0                 
  1.47694E-5   1.0                 
  1.49178E-5   1.0                 
  1.50677E-5   1.0                 
  1.52192E-5   1.0                 
  1.53721E-5   1.0                 
  1.55266E-5   1.0                 
  1.56827E-5   1.0                 
  1.58403E-5   1.0                 
  1.59995E-5   1.0                 
  1.61603E-5   0.9999949692115748  
  1.63227E-5   0.9999949692115748  
  1.64867E-5   0.9999949692115748  
  1.66524E-5   0.9999949692115748  
  1.68198E-5   0.9999949692115748  
  1.69888E-5   0.9999949692115748  
  1.71596E-5   0.9999949692115748  
  1.7332E-5    0.9999949692115748  
  1.75062E-5   0.9999949692115748  
  1.76821E-5   0.9999949692115748  
  1.78599E-5   0.9999949692115748  
  1.80394E-5   0.9999949692115748  
  1.82206E-5   0.9999949692115748  
  1.84038E-5   0.9999949692115748  
  1.85887E-5   0.9999949692115748  
  1.87756E-5   0.9999949692115748  
  1.89642E-5   0.9999949692115748  
  1.91548E-5   0.9999949692115748  
  1.93474E-5   0.9999949692115748  
  1.95418E-5   0.9999949692115748  
  1.97382E-5   0.9999949692115748  
  1.99366E-5   0.9999949692115748  
  2.01369E-5   0.9999949692115748  
  2.03393E-5   0.9999949692115748  
  2.05437E-5   0.9999949692115748  
  2.07502E-5   0.9999949692115748  
  2.09587E-5   0.9999949692115748  
  2.11694E-5   0.9999949692115748  
  2.13821E-5   0.9999949692115748  
  2.1597E-5    0.9999949692115748  
  2.18141E-5   0.9999949692115748  
  2.20333E-5   0.9999949692115748  
  2.22548E-5   0.9999949692115748  
  2.24784E-5   0.9999949692115748  
  2.27043E-5   0.9999949692115748  
  2.29325E-5   0.9999949692115748  
  2.3163E-5    0.9999949692115748  
  2.33958E-5   0.9999949692115748  
  2.36309E-5   0.9999949692115748  
  2.38684E-5   0.9999949692115748  
  2.41083E-5   0.9999949692115748  
  2.43506E-5   0.9999949692115748  
  2.45953E-5   0.9999949692115748  
  2.48425E-5   0.9999949692115748  
  2.50922E-5   0.9999949692115748  
  2.53443E-5   0.9999949692115748  
  2.55991E-5   0.9999899384231496  
  2.58563E-5   0.9999899384231496  
  2.61162E-5   0.9999899384231496  
  2.63787E-5   0.9999899384231496  
  2.66438E-5   0.9999899384231496  
  2.69115E-5   0.9999899384231496  
  2.7182E-5    0.9999899384231496  
  2.74552E-5   0.9999899384231496  
  2.77311E-5   0.9999899384231496  
  2.80098E-5   0.9999899384231496  
  2.82913E-5   0.9999899384231496  
  2.85757E-5   0.9999899384231496  
  2.88629E-5   0.9999899384231496  
  2.91529E-5   0.9999899384231496  
  2.94459E-5   0.9999899384231496  
  2.97419E-5   0.9999899384231496  
  3.00408E-5   0.9999899384231496  
  3.03427E-5   0.9999899384231496  
  3.06476E-5   0.9999899384231496  
  3.09557E-5   0.9999899384231496  
  3.12668E-5   0.9999899384231496  
  3.1581E-5    0.9999899384231496  
  3.18984E-5   0.9999899384231496  
  3.2219E-5    0.9999899384231496  
  3.25428E-5   0.9999849076347245  
  3.28698E-5   0.9999849076347245  
  3.32002E-5   0.9999849076347245  
  3.35339E-5   0.9999849076347245  
  3.38709E-5   0.9999849076347245  
  3.42113E-5   0.9999849076347245  
  3.45551E-5   0.9999849076347245  
  3.49024E-5   0.9999849076347245  
  3.52532E-5   0.9999849076347245  
  3.56075E-5   0.9999849076347245  
  3.59653E-5   0.9999849076347245  
  3.63268E-5   0.9999849076347245  
  3.66919E-5   0.9999849076347245  
  3.70606E-5   0.9999849076347245  
  3.74331E-5   0.9999849076347245  
  3.78093E-5   0.9999849076347245  
  3.81893E-5   0.9999798768462993  
  3.85731E-5   0.9999798768462993  
  3.89608E-5   0.9999798768462993  
  3.93523E-5   0.9999798768462993  
  3.97478E-5   0.9999798768462993  
  4.01473E-5   0.9999798768462993  
  4.05508E-5   0.9999798768462993  
  4.09583E-5   0.9999798768462993  
  4.137E-5     0.9999798768462993  
  4.17858E-5   0.9999798768462993  
  4.22057E-5   0.9999798768462993  
  4.26299E-5   0.9999798768462993  
  4.30583E-5   0.9999748460578742  
  4.34911E-5   0.9999748460578742  
  4.39282E-5   0.9999748460578742  
  4.43696E-5   0.9999748460578742  
  4.48156E-5   0.9999748460578742  
  4.5266E-5    0.9999748460578742  
  4.57209E-5   0.9999748460578742  
  4.61804E-5   0.9999748460578742  
  4.66445E-5   0.9999748460578742  
  4.71133E-5   0.9999748460578742  
  4.75868E-5   0.9999698152694491  
  4.80651E-5   0.9999698152694491  
  4.85481E-5   0.9999698152694491  
  4.9036E-5    0.9999698152694491  
  4.95289E-5   0.9999698152694491  
  5.00266E-5   0.9999698152694491  
  5.05294E-5   0.9999698152694491  
  5.10372E-5   0.9999698152694491  
  5.15502E-5   0.9999647844810239  
  5.20683E-5   0.9999647844810239  
  5.25916E-5   0.9999647844810239  
  5.31201E-5   0.9999647844810239  
  5.3654E-5    0.9999647844810239  
  5.41932E-5   0.9999647844810239  
  5.47379E-5   0.9999647844810239  
  5.5288E-5    0.9999597536925987  
  5.58436E-5   0.9999597536925987  
  5.64049E-5   0.9999597536925987  
  5.69717E-5   0.9999597536925987  
  5.75443E-5   0.9999597536925987  
  5.81227E-5   0.9999597536925987  
  5.87068E-5   0.9999547229041735  
  5.92968E-5   0.9999547229041735  
  5.98928E-5   0.9999547229041735  
  6.04947E-5   0.9999547229041735  
  6.11027E-5   0.9999547229041735  
  6.17168E-5   0.9999547229041735  
  6.2337E-5    0.9999496921157484  
  6.29635E-5   0.9999496921157484  
  6.35963E-5   0.9999496921157484  
  6.42355E-5   0.9999496921157484  
  6.4881E-5    0.9999496921157484  
  6.55331E-5   0.9999446613273232  
  6.61917E-5   0.9999446613273232  
  6.6857E-5    0.9999446613273232  
  6.75289E-5   0.9999446613273232  
  6.82076E-5   0.999939630538898   
  6.88931E-5   0.999939630538898   
  6.95855E-5   0.999939630538898   
  7.02848E-5   0.999939630538898   
  7.09912E-5   0.9999345997504729  
  7.17046E-5   0.9999345997504729  
  7.24253E-5   0.9999345997504729  
  7.31532E-5   0.9999345997504729  
  7.38884E-5   0.9999295689620478  
  7.4631E-5    0.9999295689620478  
  7.5381E-5    0.9999295689620478  
  7.61386E-5   0.9999295689620478  
  7.69038E-5   0.9999245381736226  
  7.76767E-5   0.9999245381736226  
  7.84574E-5   0.9999245381736226  
  7.92459E-5   0.9999195073851974  
  8.00423E-5   0.9999195073851974  
  8.08468E-5   0.9999195073851974  
  8.16593E-5   0.9999144765967722  
  8.248E-5     0.9999144765967722  
  8.33089E-5   0.9999144765967722  
  8.41462E-5   0.9999094458083471  
  8.49919E-5   0.9999094458083471  
  8.5846E-5    0.9999094458083471  
  8.67088E-5   0.9999044150199219  
  8.75802E-5   0.9999044150199219  
  8.84604E-5   0.9999044150199219  
  8.93495E-5   0.9998993842314967  
  9.02474E-5   0.9998993842314967  
  9.11545E-5   0.9998943534430716  
  9.20706E-5   0.9998943534430716  
  9.29959E-5   0.9998893226546465  
  9.39305E-5   0.9998893226546465  
  9.48746E-5   0.9998893226546465  
  9.58281E-5   0.9998842918662213  
  9.67912E-5   0.9998842918662213  
  9.77639E-5   0.9998792610777961  
  9.87465E-5   0.9998792610777961  
  9.97389E-5   0.999874230289371   
  1.00741E-4   0.999874230289371   
  1.01754E-4   0.9998691995009458  
  1.02776E-4   0.9998691995009458  
  1.03809E-4   0.9998641687125206  
  1.04853E-4   0.9998641687125206  
  1.05906E-4   0.9998591379240954  
  1.06971E-4   0.9998541071356704  
  1.08046E-4   0.9998541071356704  
  1.09132E-4   0.9998490763472452  
  1.10228E-4   0.9998490763472452  
  1.11336E-4   0.99984404555882    
  1.12455E-4   0.9998390147703948  
  1.13585E-4   0.9998390147703948  
  1.14727E-4   0.9998339839819697  
  1.1588E-4    0.9998339839819697  
  1.17045E-4   0.9998289531935445  
  1.18221E-4   0.9998239224051193  
  1.19409E-4   0.9998188916166941  
  1.20609E-4   0.9998188916166941  
  1.21821E-4   0.999813860828269   
  1.23046E-4   0.9998088300398439  
  1.24282E-4   0.9998088300398439  
  1.25531E-4   0.9998037992514187  
  1.26793E-4   0.9997987684629935  
  1.28067E-4   0.9997937376745684  
  1.29354E-4   0.9997887068861432  
  1.30654E-4   0.999783676097718   
  1.31967E-4   0.999783676097718   
  1.33294E-4   0.9997786453092928  
  1.34633E-4   0.9997736145208677  
  1.35986E-4   0.9997685837324426  
  1.37353E-4   0.9997635529440174  
  1.38734E-4   0.9997585221555922  
  1.40128E-4   0.9997534913671671  
  1.41536E-4   0.9997484605787419  
  1.42959E-4   0.9997434297903167  
  1.44395E-4   0.9997383990018915  
  1.45847E-4   0.9997333682134664  
  1.47312E-4   0.9997283374250413  
  1.48793E-4   0.9997233066366161  
  1.50288E-4   0.999718275848191   
  1.51799E-4   0.9997132450597658  
  1.53324E-4   0.9997031834829154  
  1.54865E-4   0.9996981526944902  
  1.56422E-4   0.9996931219060651  
  1.57994E-4   0.99968809111764    
  1.59582E-4   0.9996830603292148  
  1.61185E-4   0.9996729987523645  
  1.62805E-4   0.9996679679639393  
  1.64442E-4   0.9996629371755141  
  1.66094E-4   0.9996528755986638  
  1.67764E-4   0.9996478448102386  
  1.6945E-4    0.9996428140218135  
  1.71153E-4   0.9996327524449632  
  1.72873E-4   0.999627721656538   
  1.7461E-4    0.9996176600796877  
  1.76365E-4   0.9996126292912625  
  1.78137E-4   0.9996025677144122  
  1.79928E-4   0.9995975369259871  
  1.81736E-4   0.9995874753491367  
  1.83563E-4   0.9995774137722864  
  1.85407E-4   0.9995723829838612  
  1.87271E-4   0.999562321407011   
  1.89153E-4   0.9995522598301606  
  1.91054E-4   0.9995421982533103  
  1.92974E-4   0.9995371674648851  
  1.94913E-4   0.9995271058880347  
  1.96872E-4   0.9995170443111845  
  1.98851E-4   0.9995069827343341  
  2.00849E-4   0.9994969211574838  
  2.02868E-4   0.9994868595806334  
  2.04907E-4   0.9994767980037832  
  2.06966E-4   0.9994667364269328  
  2.09046E-4   0.9994566748500825  
  2.11147E-4   0.9994466132732321  
  2.13269E-4   0.9994315209079567  
  2.15413E-4   0.9994214593311064  
  2.17578E-4   0.999411397754256   
  2.19764E-4   0.9993963053889806  
  2.21973E-4   0.9993862438121303  
  2.24204E-4   0.9993761822352799  
  2.26457E-4   0.9993610898700044  
  2.28733E-4   0.9993510282931541  
  2.31032E-4   0.9993359359278786  
  2.33354E-4   0.9993208435626031  
  2.35699E-4   0.9993107819857528  
  2.38068E-4   0.9992956896204773  
  2.4046E-4    0.9992805972552018  
  2.42877E-4   0.9992655048899264  
  2.45318E-4   0.999255443313076   
  2.47783E-4   0.9992403509478005  
  2.50274E-4   0.9992252585825251  
  2.52789E-4   0.9992101662172496  
  2.5533E-4    0.999190043063549   
  2.57896E-4   0.9991749506982734  
  2.60488E-4   0.9991598583329979  
  2.63106E-4   0.9991447659677225  
  2.6575E-4    0.9991246428140218  
  2.68421E-4   0.9991095504487463  
  2.71118E-4   0.9990894272950457  
  2.73843E-4   0.9990743349297702  
  2.76595E-4   0.9990542117760696  
  2.79375E-4   0.9990340886223689  
  2.82183E-4   0.9990189962570935  
  2.85019E-4   0.9989988731033927  
  2.87883E-4   0.9989787499496922  
  2.90777E-4   0.9989586267959915  
  2.93699E-4   0.9989385036422909  
  2.96651E-4   0.9989183804885902  
  2.99632E-4   0.9988932265464644  
  3.02643E-4   0.9988731033927637  
  3.05685E-4   0.9988529802390631  
  3.08757E-4   0.9988278262969372  
  3.1186E-4    0.9988077031432366  
  3.14995E-4   0.9987825492011108  
  3.1816E-4    0.998757395258985   
  3.21358E-4   0.9987322413168592  
  3.24588E-4   0.9987070873747333  
  3.2785E-4    0.9986819334326076  
  3.31145E-4   0.9986567794904817  
  3.34473E-4   0.9986316255483559  
  3.37834E-4   0.9986064716062302  
  3.4123E-4    0.9985762868756791  
  3.44659E-4   0.9985511329335534  
  3.48123E-4   0.9985209482030024  
  3.51622E-4   0.9984907634724514  
  3.55155E-4   0.9984656095303256  
  3.58725E-4   0.9984354247997747  
  3.6233E-4    0.9984052400692236  
  3.65972E-4   0.9983700245502475  
  3.6965E-4    0.9983398398196965  
  3.73365E-4   0.9983096550891456  
  3.77117E-4   0.9982744395701695  
  3.80907E-4   0.9982392240511933  
  3.84735E-4   0.9982090393206423  
  3.88602E-4   0.9981738238016662  
  3.92507E-4   0.9981386082826901  
  3.96452E-4   0.998103392763714   
  4.00437E-4   0.9980631464563127  
  4.04461E-4   0.9980279309373365  
  4.08526E-4   0.9979876846299353  
  4.12632E-4   0.997952469110959   
  4.16779E-4   0.9979122228035577  
  4.20967E-4   0.9978719764961564  
  4.25198E-4   0.9978317301887552  
  4.29472E-4   0.9977864530929287  
  4.33788E-4   0.9977462067855274  
  4.38147E-4   0.9977009296897009  
  4.42551E-4   0.9976606833822996  
  4.46999E-4   0.9976154062864732  
  4.51491E-4   0.9975701291906468  
  4.56029E-4   0.9975198213063952  
  4.60612E-4   0.9974745442105687  
  4.65241E-4   0.997424236326317   
  4.69917E-4   0.9973789592304906  
  4.74639E-4   0.9973286513462389  
  4.7941E-4    0.9972783434619874  
  4.84228E-4   0.9972230047893106  
  4.89094E-4   0.9971726969050589  
  4.9401E-4    0.9971173582323822  
  4.98975E-4   0.9970620195597054  
  5.0399E-4    0.9970066808870286  
  5.09055E-4   0.9969513422143519  
  5.14171E-4   0.9968960035416751  
  5.19338E-4   0.9968356340805731  
  5.24558E-4   0.9967752646194712  
  5.2983E-4    0.9967148951583692  
  5.35154E-4   0.9966545256972673  
  5.40533E-4   0.9965941562361653  
  5.45965E-4   0.9965287559866383  
  5.51452E-4   0.9964633557371111  
  5.56995E-4   0.996397955487584   
  5.62593E-4   0.9963325552380569  
  5.68247E-4   0.9962621242001046  
  5.73958E-4   0.9961916931621524  
  5.79726E-4   0.9961212621242002  
  5.85552E-4   0.9960508310862478  
  5.91437E-4   0.9959753692598704  
  5.97381E-4   0.9959049382219182  
  6.03385E-4   0.9958294763955408  
  6.09449E-4   0.9957489837807382  
  6.15574E-4   0.9956735219543607  
  6.21761E-4   0.9955930293395581  
  6.2801E-4    0.9955125367247555  
  6.34321E-4   0.9954320441099529  
  6.40696E-4   0.9953465207067251  
  6.47135E-4   0.9952609973034974  
  6.53639E-4   0.9951754739002696  
  6.60208E-4   0.9950849197086168  
  6.66843E-4   0.994999396305389   
  6.73546E-4   0.9949088421137361  
  6.80315E-4   0.994813257133658   
  6.87152E-4   0.994722702942005   
  6.94058E-4   0.994627117961927   
  7.01033E-4   0.9945265021934238  
  7.08079E-4   0.9944309172133456  
  7.15195E-4   0.9943303014448425  
  7.22383E-4   0.9942296856763392  
  7.29643E-4   0.9941240391194108  
  7.36976E-4   0.9940183925624824  
  7.44383E-4   0.993912746005554   
  7.51864E-4   0.9938070994486256  
  7.5942E-4    0.993696422103272   
  7.67053E-4   0.9935807139694933  
  7.74762E-4   0.9934700366241397  
  7.82548E-4   0.993354328490361   
  7.90413E-4   0.9932386203565823  
  7.98356E-4   0.9931178814343784  
  8.0638E-4    0.9929971425121745  
  8.14485E-4   0.9928764035899706  
  8.2267E-4    0.9927506338793416  
  8.30938E-4   0.9926248641687125  
  8.39289E-4   0.9924940636696583  
  8.47724E-4   0.9923632631706041  
  8.56244E-4   0.9922324626715499  
  8.6485E-4    0.9920966313840706  
  8.73541E-4   0.9919608000965912  
  8.82321E-4   0.9918199380206866  
  8.91188E-4   0.9916790759447821  
  9.00145E-4   0.9915382138688775  
  9.09191E-4   0.9913923210045479  
  9.18329E-4   0.991241397351793   
  9.27558E-4   0.9910955044874633  
  9.3688E-4    0.9909395500462832  
  9.46296E-4   0.9907886263935284  
  9.55807E-4   0.9906276411639232  
  9.65412E-4   0.9904716867227432  
  9.75115E-4   0.990310701493138   
  9.84915E-4   0.9901446854751077  
  9.94814E-4   0.9899786694570774  
  0.00100481   0.989812653439047   
  0.00101491   0.9896416066325915  
  0.00102511   0.9894655290377108  
  0.00103541   0.9892894514428301  
  0.00104582   0.9891083430595243  
  0.00105633   0.9889272346762185  
  0.00106695   0.9887461262929126  
  0.00107767   0.9885599871211816  
  0.0010885    0.9883688171610254  
  0.00109944   0.9881776472008693  
  0.00111049   0.987981446452288   
  0.00112165   0.9877802149152816  
  0.00113292   0.987578983378275   
  0.00114431   0.9873777518412685  
  0.00115581   0.9871714895158369  
  0.00116742   0.9869601964019801  
  0.00117916   0.9867489032881234  
  0.00119101   0.9865325793858414  
  0.00120298   0.9863112246951342  
  0.00121507   0.986089870004427   
  0.00122728   0.98586851531372    
  0.00123961   0.9856370990461625  
  0.00125207   0.9854056827786051  
  0.00126466   0.9851742665110476  
  0.00127737   0.9849327886666398  
  0.0012902    0.984691310822232   
  0.00130317   0.9844448021893991  
  0.00131627   0.9841982935565662  
  0.0013295    0.9839467541353081  
  0.00134286   0.9836901839256248  
  0.00135635   0.9834336137159415  
  0.00136999   0.9831720127178332  
  0.00138375   0.9829053809312995  
  0.00139766   0.9826337183563408  
  0.00141171   0.982362055781382   
  0.0014259    0.9820853624179982  
  0.00144023   0.9818036382661891  
  0.0014547    0.9815168833259549  
  0.00146932   0.9812301283857207  
  0.00148409   0.9809333118686361  
  0.001499     0.9806364953515515  
  0.00151407   0.9803396788344669  
  0.00152928   0.980032800740532   
  0.00154465   0.979720891858172   
  0.00156018   0.9794089829758119  
  0.00157586   0.9790920433050267  
  0.0015917    0.9787700728458164  
  0.00160769   0.9784430715981809  
  0.00162385   0.9781160703505454  
  0.00164017   0.9777790075260595  
  0.00165665   0.9774369139131485  
  0.0016733    0.9770948203002374  
  0.00169012   0.9767476958989013  
  0.00170711   0.9763955407091399  
  0.00172426   0.9760333239425283  
  0.00174159   0.9756711071759167  
  0.0017591    0.9753038596208797  
  0.00177678   0.9749315812774177  
  0.00179463   0.9745542721455307  
  0.00181267   0.9741719322252184  
  0.00183089   0.973789592304906   
  0.00184929   0.9733971908077433  
  0.00186787   0.9729997585221556  
  0.00188664   0.9725972954481427  
  0.00190561   0.9721898015857046  
  0.00192476   0.9717772769348413  
  0.0019441    0.9713597214955528  
  0.00196364   0.970932104479414   
  0.00198338   0.9705044874632752  
  0.00200331   0.9700718396587114  
  0.00202344   0.969629130277297   
  0.00204378   0.9691864208958828  
  0.00206432   0.9687336499376182  
  0.00208506   0.9682758481909285  
  0.00210602   0.9678130156558136  
  0.00212719   0.9673451523322735  
  0.00214857   0.9668722582203083  
  0.00217016   0.9663893025314927  
  0.00219197   0.9659063468426772  
  0.002214     0.9654133295770113  
  0.00223625   0.9649152815229203  
  0.00225872   0.9644071718919789  
  0.00228142   0.9638990622610375  
  0.00230435   0.9633808910532459  
  0.00232751   0.9628576890570291  
  0.0023509    0.9623244254839618  
  0.00237453   0.9617911619108946  
  0.0023984    0.9612478367609771  
  0.0024225    0.9606944500342094  
  0.00244685   0.9601410633074415  
  0.00247144   0.9595776150038234  
  0.00249628   0.9590041051233549  
  0.00252136   0.9584305952428864  
  0.0025467    0.9578419929971426  
  0.0025723    0.9572533907513986  
  0.00259815   0.9566547269288043  
  0.00262426   0.9560510323177849  
  0.00265064   0.955437276129915   
  0.00267728   0.9548184891536201  
  0.00270418   0.954189640600475   
  0.00273136   0.9535557612589045  
  0.00275881   0.9529118203404837  
  0.00278654   0.9522628486336379  
  0.00281454   0.9516088461383668  
  0.00284283   0.9509397512778203  
  0.0028714    0.9502706564172737  
  0.00290026   0.9495914999798768  
  0.00292941   0.9489022819656296  
  0.00295885   0.9482030023745321  
  0.00298859   0.9474986919950095  
  0.00301862   0.9467893508270616  
  0.00304896   0.9460699480822634  
  0.0030796    0.945340483760615   
  0.00311055   0.9446009578621162  
  0.00314181   0.9438564011751922  
  0.00317339   0.9431017829114179  
  0.00320528   0.9423421338592184  
  0.0032375    0.9415673924417435  
  0.00327003   0.9407876202358434  
  0.0033029    0.9400028172415181  
  0.00333609   0.9392029218819173  
  0.00336962   0.9383979957338914  
  0.00340349   0.9375830080090152  
  0.00343769   0.9367579587072886  
  0.00347224   0.9359278786171369  
  0.00350714   0.9350827061617096  
  0.00354238   0.9342325029178573  
  0.00357799   0.9333722380971546  
  0.00361395   0.9325019116996016  
  0.00365027   0.9316215237251982  
  0.00368695   0.9307361049623697  
  0.00372401   0.9298355938342657  
  0.00376143   0.9289250211293114  
  0.00379924   0.9280094176359319  
  0.00383742   0.9270837525657021  
  0.00387599   0.9261429951301968  
  0.00391494   0.9251972069062664  
  0.00395429   0.9242363263170604  
  0.00399403   0.9232704149394293  
  0.00403417   0.9222944419849479  
  0.00407471   0.921303376665191   
  0.00411566   0.9203072805570089  
  0.00415703   0.9192960920835513  
  0.00419881   0.9182798728216686  
  0.004241     0.9172485611945104  
  0.00428363   0.9162071879905018  
  0.00432668   0.915155753209643   
  0.00437016   0.9140942568519338  
  0.00441408   0.9130226989173743  
  0.00445845   0.9119410794059645  
  0.00450325   0.9108443675292792  
  0.00454851   0.9097375940757435  
  0.00459422   0.9086207590453576  
  0.0046404    0.9074938624381214  
  0.00468703   0.9063569042540347  
  0.00473414   0.9052048537046726  
  0.00478172   0.9040427415784602  
  0.00482978   0.9028705678753974  
  0.00487832   0.9016833018070592  
  0.00492734   0.9004859741618706  
  0.00497687   0.8992785849398318  
  0.00502688   0.8980561033525174  
  0.0050774    0.8968235601883527  
  0.00512843   0.8955809554473377  
  0.00517998   0.8943232583410472  
  0.00523203   0.8930554996579064  
  0.00528462   0.8917776793979152  
  0.00533773   0.8904847667726487  
  0.00539137   0.8891767617821065  
  0.00544556   0.8878637260031392  
  0.00550029   0.8865305670704713  
  0.00555556   0.885187346560953   
  0.0056114    0.8838340644745845  
  0.00566779   0.8824656900229404  
  0.00572476   0.881087253994446   
  0.00578229   0.8796937256006762  
  0.00584041   0.8782851048416308  
  0.0058991    0.8768664225057351  
  0.00595839   0.875432647804564   
  0.00601827   0.8739888115265424  
  0.00607876   0.8725298828832455  
  0.00613985   0.8710608926630982  
  0.00620156   0.8695717792892502  
  0.00626388   0.8680726043385519  
  0.00632684   0.8665633678110033  
  0.00639042   0.8650390389181792  
  0.00645465   0.8634996176600797  
  0.00651952   0.8619451040367047  
  0.00658504   0.8603754980480541  
  0.00665122   0.8587958304825533  
  0.00671806   0.8572010705517769  
  0.00678558   0.855591218255725   
  0.00685378   0.8539713043828229  
  0.00692266   0.8523312673562201  
  0.00699223   0.8506811687527669  
  0.00706251   0.8490159777840384  
  0.00713349   0.8473356944500342  
  0.00720518   0.8456403187507546  
  0.00727759   0.8439348814746247  
  0.00735073   0.8422093210447942  
  0.00742461   0.8404686682496881  
  0.00749923   0.8387179538777317  
  0.0075746    0.8369521471404998  
  0.00765072   0.8351662172495673  
  0.00772761   0.8333702257817845  
  0.00780528   0.8315591419487262  
  0.00788372   0.8297279349619673  
  0.00796296   0.827886666398358   
  0.00804298   0.8260303054694732  
  0.00812382   0.8241538213868878  
  0.00820547   0.822267275727452   
  0.00828793   0.8203606069143156  
  0.00837123   0.8184388457359038  
  0.00845536   0.8165070229806415  
  0.00854034   0.8145550770716786  
  0.00862616   0.8125880387974403  
  0.00871286   0.8106059081579265  
  0.00880043   0.808603654364712   
  0.00888887   0.8065913389946472  
  0.00897821   0.8045589004708817  
  0.00906844   0.8025113695818409  
  0.00915958   0.8004487463275245  
  0.00925163   0.7983710307079326  
  0.00934461   0.79627319193464    
  0.00943853   0.7941652915844971  
  0.00953339   0.7920322372922285  
  0.0096292    0.7898891214231094  
  0.00972597   0.7877258824002897  
  0.00982372   0.7855475510121946  
  0.00992245   0.783354127258824   
  0.0100222    0.7811405803517527  
  0.0101229    0.778911941079406   
  0.0102246    0.7766682094417837  
  0.0103274    0.7744043546504609  
  0.0104312    0.7721254074938625  
  0.010536     0.7698313679719886  
  0.0106419    0.7675172052964141  
  0.0107489    0.7651829194671389  
  0.0108569    0.7628335412725883  
  0.010966     0.7604690707127622  
  0.0110762    0.7580844769992353  
  0.0111875    0.7556847909204331  
  0.0113       0.7532649816879301  
  0.0114135    0.7508300800901517  
  0.0115282    0.7483750553386727  
  0.0116441    0.7459049382219182  
  0.0117611    0.743414697951463   
  0.0118793    0.7409093653157323  
  0.0119987    0.738383909526301   
  0.0121193    0.7358383305831689  
  0.0122411    0.7332776592747615  
  0.0123641    0.7306968648126534  
  0.0124884    0.7281009779852698  
  0.0126139    0.7254849680041856  
  0.0127407    0.7228488348694008  
  0.0128687    0.7201976093693404  
  0.0129981    0.7175262607155793  
  0.0131287    0.7148398196965429  
  0.0132606    0.7121332555238057  
  0.0133939    0.7094065681973679  
  0.0135285    0.7066597577172294  
  0.0136645    0.7038978548718156  
  0.0138018    0.701115828872701   
  0.0139405    0.6983187105083108  
  0.0140806    0.695496438201795   
  0.0142221    0.6926590735300037  
  0.0143651    0.6898066164929367  
  0.0145094    0.6869290055137441  
  0.0146553    0.684036302169276   
  0.0148026    0.6811234756711072  
  0.0149513    0.6781955568076629  
  0.0151016    0.6752475147905179  
  0.0152534    0.6722793496196724  
  0.0154067    0.6692910612951262  
  0.0155615    0.6662826498168793  
  0.0157179    0.6632591459733569  
  0.0158759    0.6602205497645591  
  0.0160354    0.6571567996136355  
  0.0161966    0.6540779570974363  
  0.0163594    0.6509789914275366  
  0.0165238    0.6478599026039361  
  0.0166898    0.6447257214150601  
  0.0168576    0.6415714170724836  
  0.017027     0.6383969895762064  
  0.0171981    0.6352074697146537  
  0.017371     0.6319978266994003  
  0.0175455    0.6287730913188715  
  0.0177219    0.625528232784642   
  0.0179       0.6222632510967119  
  0.0180799    0.6189831770435062  
  0.0182616    0.6156829798366     
  0.0184451    0.6123676902644183  
  0.0186305    0.6090322775385358  
  0.0188177    0.6056767416589528  
  0.0190069    0.6023111442025194  
  0.0191979    0.5989254235923854  
  0.0193908    0.5955195798285507  
  0.0195857    0.5920986436994405  
  0.0197825    0.5886626152050549  
  0.0199814    0.5852114943453938  
  0.0201822    0.581740250332032   
  0.020385     0.5782539139533948  
  0.0205899    0.5747524852094821  
  0.0207968    0.5712359641002938  
  0.0210058    0.5677043506258301  
  0.0212169    0.5641576447860909  
  0.0214302    0.5605958465810762  
  0.0216456    0.557018956010786   
  0.0218631    0.5534269730752204  
  0.0220828    0.5498198977743792  
  0.0223048    0.5462027608966877  
  0.0225289    0.5425705316537208  
  0.0227554    0.5389282408339034  
  0.022984     0.5352708576488108  
  0.023215     0.5316034128868676  
  0.0234483    0.5279208757596491  
  0.023684     0.5242282770555802  
  0.023922     0.5205256167746609  
  0.0241625    0.5168128949168914  
  0.0244053    0.5130901114822715  
  0.0246506    0.5093572664708013  
  0.0248983    0.5056143598824808  
  0.0251485    0.5018674286634202  
  0.0254013    0.49810993278866667 
  0.0256566    0.49434539381011794 
  0.0259144    0.4905743148066165  
  0.0261749    0.48679719885700484 
  0.0264379    0.4830145490401256  
  0.0267036    0.4792273715136636  
  0.026972     0.47543616935646155 
  0.0272431    0.4716414456473619  
  0.0275169    0.46784420654404957 
  0.0277934    0.46404495512536725 
  0.0280728    0.46024419447015735 
  0.0283549    0.45644343381494745 
  0.0286399    0.45264317623858014 
  0.0289277    0.44884342174105524 
  0.0292184    0.445046182637743   
  0.0295121    0.4412519620074858  
  0.0298087    0.43746126292912624 
  0.0301083    0.43367509156034934 
  0.0304109    0.4298944540588401  
  0.0307165    0.4261203565822836  
  0.0310252    0.4223538052883648  
  0.031337     0.41859530325592625 
  0.031652     0.41484635972149553 
  0.0319701    0.41110747776391515 
  0.0322914    0.40738016661971266 
  0.0326159    0.40366543244657305 
  0.0329437    0.39996377832333885 
  0.0332748    0.3962767134865376  
  0.0336092    0.39260474101501186 
  0.033947     0.3889493701452892  
  0.0342881    0.38531211011389704 
  0.0346328    0.381693463999678   
  0.0349808    0.37809393488147464 
  0.0353324    0.3745155350746569  
  0.0356875    0.3709592707369099  
  0.0360461    0.3674256449470761  
  0.0364084    0.3639161669416831  
  0.0367743    0.3604318428784159  
  0.0371439    0.3569631142592667  
  0.0375172    0.3535064595323379  
  0.0378943    0.3500774741417475  
  0.0382751    0.34667615808749547 
  0.0386598    0.3433045236849519  
  0.0390483    0.33996408017064433 
  0.0394408    0.3366553306234153  
  0.0398372    0.3333797842797923  
  0.0402375    0.33013844729746045 
  0.0406419    0.3269328289129472  
  0.0410504    0.3237634322050952  
  0.041463     0.3206312633315893  
  0.0418797    0.3175373284501147  
  0.0423005    0.31448263371835633 
  0.0427257    0.31146768221515675 
  0.0431551    0.30849297701935846 
  0.0435888    0.305559021209804   
  0.0440269    0.30266682094417835 
  0.0444693    0.2998153700647966  
  0.0449163    0.2970056747293436  
  0.0453677    0.29423773493781946 
  0.0458236    0.29151155069022416 
  0.0462842    0.2888266189077152  
  0.0467493    0.2861829395902926  
  0.0472192    0.28357950658027126 
  0.0476937    0.2810168229564937  
  0.0481731    0.278493882561275   
  0.0486572    0.2760091761580875  
  0.0491462    0.27356320682577373 
  0.0496402    0.2711544653278062  
  0.050139     0.2687824485853423  
  0.0506429    0.266445144283012   
  0.0511519    0.2641425524208154  
  0.051666     0.26187366684106733 
  0.0521852    0.2596359721495553  
  0.0527097    0.25742997142512175 
  0.0532395    0.25525365235239666 
  0.0537746    0.253106008773695   
  0.054315     0.2509860345313317  
  0.0548609    0.24889222038877934 
  0.0554122    0.2468230571095102  
  0.0559691    0.24478156316657948 
  0.0565316    0.24277226626956977 
  0.0570998    0.24078460176278826 
  0.0576736    0.2388170604097074  
  0.0582533    0.23686813297379966 
  0.0588387    0.23493631021853745 
  0.05943      0.23320974363102184 
  0.0600273    0.2313166579466334  
  0.0606306    0.2294341369179378  
  0.0612399    0.22755966515072243 
  0.0618554    0.2256922364873023  
  0.0624771    0.22382832937577976 
  0.063105     0.22196693765846984 
  0.0637392    0.22010554594115989 
  0.0643798    0.21824314806616493 
  0.0650268    0.2163762224815873  
  0.0656804    0.21450376302974203 
  0.0663405    0.212623757395259   
  0.0670072    0.21073419326276815 
  0.0676806    0.20883356139574194 
  0.0683609    0.20692035255765284 
  0.0690479    0.20499205135428825 
  0.0697418    0.20304916086449068 
  0.0704427    0.20108866261520505 
  0.0711507    0.19911055660643137 
  0.0718658    0.19711383668048457 
  0.072588     0.19509799975852216 
  0.0733175    0.19306254276170162 
  0.0740544    0.19100746569002294 
  0.0747987    0.18893276854348615 
  0.0755504    0.18683996055861873 
  0.0763097    0.18472853865657826 
  0.0770766    0.18260001207389223 
  0.0778513    0.18045488388940314 
  0.0786336    0.17829566949732362 
  0.0794239    0.17612337505533868 
  0.0802222    0.17393950979997586 
  0.0810285    0.17174709220429027 
  0.0818428    0.16954712842596692 
  0.0826653    0.16734314001690345 
  0.0834961    0.16513713929246993 
  0.0843353    0.1629316416468789  
  0.0851829    0.1607296655531855  
  0.0860389    0.1585342294844448  
  0.0869036    0.1563478488348694  
  0.0877771    0.15417354207751438 
  0.0886593    0.15201533384311988 
  0.0895502    0.1498757395258985  
  0.0904502    0.1477577775989053  
  0.0913593    0.14566547269288044 
  0.0922775    0.14360134020203646 
  0.0932048    0.14156990783595605 
  0.0941416    0.13957318791000925 
  0.0950877    0.1376152050549362  
  0.0960434    0.1356984746649495  
  0.0970086    0.13382651829194672 
  0.0979836    0.13200134825129795 
  0.0989683    0.13022547993721575 
  0.099963     0.12850142874391274 
  0.100968     0.12683020082907392 
  0.101982     0.12521330542922687 
  0.103007     0.12365074254437156 
  0.104043     0.12214351833219302 
  0.105088     0.12069062663500624 
  0.106144     0.11929156437396869 
  0.107211     0.1179443192337103  
  0.108289     0.11664738197770355 
  0.109377     0.11539874029057834 
  0.110476     0.1141953756992796  
  0.111586     0.11303376665190969 
  0.112708     0.11191089467541353 
  0.113841     0.11082374129673603 
  0.114985     0.10976727572745201 
  0.11614      0.10873747333682135 
  0.117308     0.10773081257294644 
  0.118487     0.10674175956855958 
  0.119677     0.10576578661407816 
  0.12088      0.104797862921077   
  0.122095     0.1038324546222884  
  0.123322     0.10286503400812975 
  0.124562     0.10189057029017588 
  0.125813     0.10090252344347406 
  0.127078     0.09989787499496922 
  0.128355     0.09887109107739366 
  0.129645     0.09781865013884976 
  0.130948     0.09673853986396748 
  0.132264     0.0956272387008492  
  0.133593     0.09448474664949491 
  0.134936     0.09331106370990462 
  0.136292     0.09210719603976335 
  0.137662     0.09087565903328369 
  0.139045     0.08961846500583572 
  0.140443     0.08834014166700205 
  0.141854     0.08704571980520787 
  0.14328      0.08573821789350827 
  0.14472      0.08442367287801344 
  0.146174     0.08310711554714854 
  0.147643     0.08179257053165372 
  0.149127     0.08048607477763915 
  0.150626     0.07919165291584497 
  0.15214      0.07791433573469635 
  0.153669     0.07665965710146094 
  0.155213     0.0754316416468789  
  0.156773     0.0742358232382179  
  0.158349     0.07307672958506058 
  0.15994      0.07195888839698958 
  0.161548     0.07088632430474504 
  0.163171     0.06986205578138206 
  0.164811     0.06888759206342818 
  0.166467     0.06796393930856844 
  0.16814      0.0670900913591178  
  0.16983      0.06626353282086368 
  0.171537     0.06548074214190848 
  0.173261     0.06473769469151205 
  0.175002     0.06402734736587919 
  0.176761     0.0633446693765847  
  0.178538     0.06268312069867589 
  0.180332     0.06203616130720006 
  0.182144     0.06139775425604701 
  0.183975     0.06076236567794905 
  0.185824     0.06012446170563851 
  0.187692     0.05947901155069022 
  0.189578     0.058820984424679035
  0.191483     0.05814685877570733 
  0.193408     0.05745311305187749 
  0.195351     0.05673672878013442 
  0.197315     0.05599720288163561 
  0.199298     0.05523453535638105 
  0.201301     0.05444872620437075 
  0.203324     0.05364380005634483 
  0.205367     0.05282327846420091 
  0.207431     0.05199118605867912 
  0.209516     0.05115406286473216 
  0.211622     0.050317442749627725
  0.213748     0.0494876645067815  
  0.215897     0.04867006077192418 
  0.218067     0.047870416951744675
  0.220258     0.04709386445043667 
  0.222472     0.04634488066969856 
  0.224708     0.04562688654565943 
  0.226966     0.04494254839618465 
  0.229247     0.04429317422626474 
  0.231551     0.0436785628043627  
  0.233878     0.043097305509719484
  0.236229     0.042546182637742985
  0.238603     0.04202096832615607 
  0.241001     0.04151648086288083 
  0.243423     0.04102693484122832 
  0.245869     0.040546343622972596
  0.24834      0.040069072725077474
  0.250836     0.03959004105123355 
  0.253357     0.039104922123395176
  0.255903     0.0386103453133175  
  0.258475     0.03810399645832495 
  0.261073     0.03758466816919548 
  0.263697     0.03705220952227633 
  0.266347     0.03650752605948404 
  0.269024     0.03595288163560993 
  0.271728     0.035391395339477605
  0.274458     0.03482729303336419 
  0.277217     0.03426520304262084 
  0.280003     0.03371025677144122 
  0.282817     0.03316723346882924 
  0.285659     0.03264035899706202 
  0.28853      0.03213255121342617 
  0.29143      0.03164547027810198 
  0.294359     0.03117956896204773 
  0.297317     0.030733992031231134
  0.300305     0.03030712963335614 
  0.303324     0.029896566989978668
  0.306372     0.029499486859580634
  0.309451     0.02911246830603292 
  0.312561     0.028731788545900912
  0.315702     0.028353272024791727
  0.318875     0.02797339719080774 
  0.32208      0.027589195878778124
  0.325317     0.027199259467943816
  0.328586     0.026803336418883567
  0.331889     0.02640248319716666 
  0.335224     0.025998611502394655
  0.338593     0.02559413611301163 
  0.341996     0.02519157242323017 
  0.345434     0.02479388859822111 
  0.348905     0.024403901879502556
  0.352412     0.02402422827705558 
  0.355953     0.02365647764317624 
  0.359531     0.02330150521189681 
  0.363144     0.022958757596490523
  0.366794     0.022627178331388095
  0.37048      0.022304855716987967
  0.374204     0.021989928361572826
  0.377965     0.02168013241035135 
  0.381763     0.021373254316416467
  0.3856       0.021067231456513864
  0.389475     0.02076055459411599 
  0.39339      0.02045277095826458 
  0.397343     0.020144232704149393
  0.401336     0.01983599629733972 
  0.40537      0.019529369742826097
  0.409444     0.019225862277136074
  0.413559     0.018926882521028695
  0.417715     0.018633788787378758
  0.421913     0.018347637541755543
  0.426154     0.018069183402422827
  0.430437     0.017798275445727853
  0.434762     0.017534058437638347
  0.439132     0.017275174065279512
  0.443545     0.017020314323660805
  0.448003     0.01676832213144444 
  0.452505     0.0165185937940194  
  0.457053     0.016270374693121908
  0.461647     0.01602336298144645 
  0.466287     0.01577760896687729 
  0.470972     0.01553386726767819 
  0.475706     0.015293144041534189
  0.480487     0.015056244214593312
  0.485316     0.01482357024992957 
  0.490194     0.014595423994848472
  0.49512      0.014372006680887029
  0.500096     0.014153217692276733
  0.505122     0.01393850364229082 
  0.510199     0.013727059604781261
  0.515326     0.013518332193021291
  0.520505     0.013311918943936895
  0.525737     0.01310771924175957 
  0.53102      0.012905481547068056
  0.536357     0.012705356783515113
  0.541747     0.012507797722059   
  0.547192     0.01231330744154224 
  0.552692     0.012122087173501831
  0.558246     0.01193413691793778 
  0.563857     0.011749356059081579
  0.569524     0.011567794904817482
  0.575248     0.011389252223608483
  0.581028     0.011213224936612066
  0.586868     0.011039360888638468
  0.592766     0.010867760695456192
  0.598724     0.01069847466494949 
  0.604741     0.01053135187346561 
  0.610818     0.010366492936773051
  0.616957     0.010204199702177326
  0.623158     0.010044623093331187
  0.629421     0.009887511570813377
  0.635746     0.009732814826739647
  0.642136     0.009580683784762747
  0.64859      0.00943076628969292 
  0.655108     0.00928291141787741 
  0.661692     0.009137119169316215
  0.668342     0.00899349015977784 
  0.675059     0.00885187346560953 
  0.681844     0.008712269086811286
  0.688696     0.008574928562804363
  0.695618     0.00843975127782026 
  0.702609     0.008306586308206222
  0.70967      0.008175433653962248
  0.716802     0.008046393930856844
  0.724006     0.007919114983700246
  0.731283     0.007793697428260957
  0.738632     0.007670292188191733
  0.746055     0.007548647724071316
  0.753553     0.007428764035899706
  0.761127     0.007310842355213909
  0.768776     0.007194681450476918
  0.776502     0.007080231013804484
  0.784306     0.006967591660965107
  0.792189     0.006856662776190284
  0.800151     0.006747293435827263
  0.808192     0.006639684871413047
  0.816315     0.006533686159294885
  0.824519     0.006429246991588522
  0.832806     0.006326518291946714
  0.841176     0.006225248520948203
  0.849629     0.006125588602245744
  0.858168     0.006027488227955085
  0.866793     0.005930796474423471
  0.875505     0.005835613957419407
  0.884303     0.005741940676942891
  0.893191     0.005649676017225419
  0.902167     0.005558819978266994
  0.911235     0.005469372560067614
  0.920392     0.005381333762627279
  0.929642     0.005294653278061737
  0.938986     0.005209230490602487
  0.948423     0.005125216323902282
  0.957954     0.005042510162192619
  0.967582     0.004961021451281845
  0.977306     0.004880845776150038
  0.987129     0.004801862397874995
  0.997049     0.004724171932225218
  1.00707      0.004647628486336378
  1.01719      0.004572302491246427
  1.02741      0.004498143639071115
  1.03774      0.004425131806656739
  1.04817      0.004353282086368575
  1.0587       0.004282503924014971
  1.06934      0.004212882842999155
  1.08009      0.004144303135187347
  1.09095      0.004076845293194349
  1.10191      0.00401039863967481 
  1.11298      0.003945028574878255
  1.12417      0.003880654606189882
  1.13547      0.003817322010705518
  1.14688      0.00375496035738721 
  1.15841      0.003693599830965508
  1.17005      0.003633195154344589
  1.18181      0.003573756389101299
  1.19368      0.003515243288928241
  1.20568      0.003457665915402262
  1.2178       0.003400978991427536
  1.23004      0.003345217732523040
  1.2424       0.003290311707650823
  1.25489      0.003236296132329859
  1.2675       0.003183110637099046
  1.28024      0.003130800499054212
  1.2931       0.003079285225580553
  1.3061       0.003028610093773896
  1.31923      0.00297872479574999 
  1.33248      0.002929649454662535
  1.34588      0.002881343824204129
  1.3594       0.002833802873586348
  1.37306      0.002787036664386042
  1.38686      0.002740999919507385
  1.4008       0.002695717792892502
  1.41488      0.002651145007445567
  1.4291       0.002607286593955004
  1.44346      0.002564142552420815
  1.45797      0.002521677667324023
  1.47262      0.002479896969453052
  1.48742      0.002438790397231054
  1.50237      0.002398327765927476
  1.51747      0.00235853926027287 
  1.53272      0.002319374572382984
  1.54813      0.002280833702257817
  1.56368      0.002242926711474222
  1.5794       0.002205628446090071
  1.59527      0.002168923813740089
  1.61131      0.002132817845212702
  1.6275       0.002097295448142632
  1.64386      0.002062341530164607
  1.66038      0.002027961122067050
  1.67706      0.001994134100696261
  1.69392      0.001960850404475389
  1.71094      0.001928110033404435
  1.72814      0.001895902925906548
  1.74551      0.001864213989616452
  1.76305      0.001833033162957298
  1.78077      0.001802360445929086
  1.79866      0.001772195838531814
  1.81674      0.001742514186823359
  1.835        0.001713315490803718
  1.85344      0.001684589688896043
  1.87207      0.001656336781100334
  1.89088      0.001628546705839739
  1.90989      0.001601209401537409
  1.92908      0.001574314806616492
  1.94847      0.001547857890288566
  1.96805      0.001521838652553628
  1.98783      0.001496242001046404
  2.00781      0.001471067935766893
  2.02799      0.001446301364349820
  2.04837      0.001421942286795186
  2.06896      0.00139798064152614 
  2.08975      0.001374416428542681
  2.11075      0.001351234555479534
  2.13197      0.001328435022336700
  2.15339      0.001306012798325753
  2.17504      0.001283957821869843
  2.19689      0.001262265062180544
  2.21897      0.001240929488469432
  2.24127      0.001219946069948082
  2.2638       0.001199309775828067
  2.28655      0.001179010544532539
  2.30953      0.001159048376061496
  2.33274      0.001139413208838089
  2.35619      0.001120100012073892
  2.37987      0.001101108785768905
  2.40378      0.001082434499134704
  2.42794      0.001064067090594438
  2.45235      0.001046001529359681
  2.47699      0.001028237815430434
  2.50188      0.001010770918018271
  2.52703      9.935907755463436E-4
  2.55243      9.766923572262244E-4
  2.57808      9.600806938463395E-4
  2.60399      9.437457238298387E-4
  2.63016      9.276773855998712E-4
  2.65659      9.118807099448626E-4
  2.68329      8.96340604499537E-4 
  2.71026      8.810621000523203E-4
  2.7375       8.660401658147865E-4
  2.76501      8.512647402100856E-4
  2.7928       8.367358232382178E-4
  2.82087      8.224534148991829E-4
  2.84922      8.084074536161308E-4
  2.87785      7.945929086006359E-4
  2.90678      7.810097798526985E-4
  2.93599      7.676580673723186E-4
  2.9655       7.545277095826459E-4
  2.9953       7.41613675695255E-4 
  3.0254       7.289209964985712E-4
  3.05581      7.164345796273192E-4
  3.08652      7.041644866583491E-4
  3.11754      6.920956252263855E-4
  3.14887      6.802279953314283E-4
  3.18052      6.685615969734776E-4
  3.21248      6.570913993641084E-4
  3.24477      6.458174025033203E-4
  3.27738      6.347245140258381E-4
  3.31032      6.238227955085122E-4
  3.34359      6.131072161629171E-4
  3.37719      6.025677144122027E-4
  3.41113      5.92204290256369E-4 
  3.44542      5.82016943695416E-4 
  3.48004      5.720056747293436E-4
  3.51502      5.621604217813015E-4
  3.55034      5.524761540628647E-4
  3.58603      5.429629331508834E-4
  3.62206      5.336056666800821E-4
  3.65847      5.24409385438886E-4 
  3.69524      5.153640278504447E-4
  3.73238      5.064746247031835E-4
  3.76988      4.97736145208677E-4 
  3.80777      4.89145067815028E-4 
  3.84604      4.8069837404918095E-4
  3.8847       4.7239505775345113E-4
  3.92374      4.6423260353362577E-4
  3.96317      4.562089990743349E-4
  4.003        4.483202197448384E-4
  4.04323      4.405657624662937E-4
  4.08387      4.329431118444883E-4
  4.12491      4.254497524852095E-4
  4.16637      4.180831689942448E-4
  4.20824      4.1084235521390914E-4
  4.25054      4.037242926711474E-4
  4.29325      3.9672797520827463E-4
  4.3364       3.8984988127339313E-4
  4.37998      3.830885016299755E-4
  4.424        3.7644283012033646E-4
  4.46846      3.699108544291061E-4
  4.51337      3.6348955608322937E-4
  4.55873      3.5717792892502113E-4
  4.60455      3.5097396063911136E-4
  4.65082      3.4487614198897254E-4
  4.69757      3.38881957580392E-4 
  4.74478      3.3298989817684226E-4
  4.79247      3.271984545417958E-4
  4.84063      3.21506117438725E-4 
  4.88928      3.1591087455225985E-4
  4.93842      3.1041171972471523E-4
  4.98805      3.050061375618787E-4
  5.03818      2.996936249849076E-4
  5.08881      2.94472169678432E-4 
  5.13996      2.8933975932708174E-4
  5.19162      2.842953877731718E-4
  5.24379      2.7933704270133216E-4
  5.29649      2.7446472411156274E-4
  5.34972      2.6967541353080854E-4
  5.40349      2.649681048013845E-4
  5.4578       2.6034179176560553E-4
  5.51264      2.557949651869441E-4
  5.56805      2.513261158288727E-4
  5.62401      2.4693373445486375E-4
  5.68053      2.4261731798607477E-4
  5.73762      2.3837535718597818E-4
  5.79528      2.3420583973920392E-4
  5.85353      2.3010775948806696E-4
  5.91236      2.260811164325673E-4
  5.97178      2.2212339517849235E-4
  6.03179      2.1823409264699965E-4
  6.09242      2.1441169960156154E-4
  6.15365      2.106547068056506E-4
  6.21549      2.069636173381092E-4
  6.27796      2.033354127258824E-4
  6.34105      1.9976958989012758E-4
  6.40478      1.9626564575200226E-4
  6.46915      1.9282207107497887E-4
  6.53416      1.894383627802149E-4
  6.59984      1.8611250855234032E-4
  6.66617      1.828445083913551E-4
  6.73316      1.796333561395742E-4
  6.80083      1.7647754256047007E-4
  6.86918      1.7337606149635772E-4
  6.93822      1.7032840986839457E-4
  7.00795      1.6733358151889565E-4
  7.07837      1.6439107336901839E-4
  7.14952      1.6149887310339277E-4
  7.22137      1.5865698072201875E-4
  7.29395      1.5586439006721133E-4
  7.36725      1.5312059806012798E-4
  7.44129      1.5042359238539863E-4
  7.51608      1.477738761218658E-4
  7.59162      1.451704431118445E-4
  7.66791      1.426117841188071E-4
  7.74498      1.4009789914275366E-4
  7.82282      1.3762727894715658E-4
  7.90144      1.3519992353201594E-4
  7.98084      1.3281482673964664E-4
  8.06106      1.304714854912062E-4
  8.14207      1.28168390550167E-4 
  8.2239       1.2590554191652914E-4
  8.30656      1.2368193343260755E-4
  8.39003      1.2149706201955971E-4
  8.47436      1.193504245985431E-4
  8.55953      1.1724101501187266E-4
  8.64555      1.1516883325954844E-4
  8.73244      1.1313237010504287E-4
  8.8202       1.1113162554835594E-4
  8.90885      1.0916559343180263E-4
  8.99838      1.0723377067654044E-4
  9.08881      1.0533615728256932E-4
  9.18016      1.0347124401336179E-4
  9.27242      1.0163903086891777E-4
  9.36561      9.983901477039482E-5
  9.45973      9.807018956010786E-5
  9.55481      9.63325552380569E-5 
  9.65084      9.462510564655693E-5
  9.74783      9.29473377067654E-5 
  9.84579      9.129925141868234E-5
  9.94475      8.967984062462268E-5
  10.0447      8.808910532458647E-5
